Offensive_Backhand_Flip/9241053733_10540_10804 265 0 4 11
Offensive_Backhand_Flip/9241053733_09308_09560 253 0 4 11
Offensive_Backhand_Flip/566343442_02076_02220 145 0 4 11
Offensive_Backhand_Flip/9241053733_07504_07760 257 0 4 11
Offensive_Backhand_Flip/113733964_03628_03856 229 0 4 11
Offensive_Backhand_Flip/9241053733_06568_06808 241 0 4 11
Offensive_Backhand_Flip/9241053733_07880_08088 209 0 4 11
Offensive_Backhand_Flip/9241053733_07108_07348 241 0 4 11
Offensive_Backhand_Flip/9241053733_08436_08692 257 0 4 11
Offensive_Backhand_Flip/7583106851_02400_02584 185 0 4 11
Offensive_Backhand_Flip/9241053733_08876_09108 233 0 4 11
Offensive_Backhand_Flip/7583106851_02120_02256 137 0 4 11
Offensive_Backhand_Flip/9241053733_09748_09976 229 0 4 11
Offensive_Backhand_Flip/113733964_03268_03472 205 0 4 11
Offensive_Backhand_Flip/566343442_01900_02028 129 0 4 11
Offensive_Forehand_Flip/113733964_00600_00784 185 0 3 11
Offensive_Forehand_Flip/9241053733_02076_02300 225 0 3 11
Offensive_Forehand_Flip/566343442_02512_02676 165 0 3 11
Offensive_Forehand_Flip/566343442_00428_00552 125 0 3 11
Offensive_Forehand_Flip/7583106851_03060_03224 165 0 3 11
Offensive_Forehand_Flip/9241053733_00164_00392 229 0 3 11
Offensive_Forehand_Flip/7583106851_02740_02888 149 0 3 11
Offensive_Forehand_Flip/113733964_00156_00324 169 0 3 11
Offensive_Forehand_Flip/9241053733_03460_03680 221 0 3 11
Offensive_Forehand_Flip/113733964_01840_02068 229 0 3 11
Offensive_Forehand_Flip/566343442_00644_00780 137 0 3 11
Offensive_Forehand_Flip/7583106851_00488_00620 133 0 3 11
Offensive_Forehand_Flip/113733964_01028_01252 225 0 3 11
Offensive_Forehand_Flip/9241053733_05256_05504 249 0 3 11
Offensive_Forehand_Flip/7583106851_03520_03648 129 0 3 11
Offensive_Forehand_Flip/9241053733_01672_01872 201 0 3 11
Offensive_Forehand_Flip/566343442_02296_02428 133 0 3 11
Offensive_Forehand_Flip/7583106851_00832_00968 137 0 3 11
Serve_Backhand_Backspin/1788431075_03504_03688 185 2 4 6
Serve_Backhand_Backspin/535796599_02256_02444 189 2 4 6
Serve_Backhand_Backspin/8251081461_05260_05464 205 2 4 6
Serve_Backhand_Backspin/93810108995_04196_04364 169 2 4 6
Serve_Backhand_Backspin/535796599_04164_04344 181 2 4 6
Serve_Backhand_Backspin/4166107697_00316_00480 165 2 4 6
Serve_Backhand_Backspin/535796599_01968_02160 193 2 4 6
Serve_Backhand_Backspin/535796599_03296_03444 149 2 4 6
Serve_Backhand_Backspin/165573526_00120_00264 145 2 4 6
Serve_Backhand_Backspin/1788431075_01956_02140 185 2 4 6
Serve_Backhand_Backspin/535796599_03656_03872 217 2 4 6
Serve_Backhand_Backspin/4166107697_00964_01120 157 2 4 6
Serve_Backhand_Backspin/535796599_02696_02900 205 2 4 6
Serve_Backhand_Backspin/8251081461_04756_04976 221 2 4 6
Serve_Backhand_Backspin/1788431075_02748_02932 185 2 4 6
Serve_Backhand_Backspin/165573526_01648_01800 153 2 4 6
Serve_Backhand_Backspin/4166107697_00512_00660 149 2 4 6
Serve_Backhand_Backspin/535796599_01212_01404 193 2 4 6
Serve_Backhand_Backspin/4166107697_01992_02160 169 2 4 6
Serve_Backhand_Backspin/93810108995_03704_03848 145 2 4 6
Serve_Backhand_Backspin/1788431075_01568_01768 201 2 4 6
Serve_Backhand_Backspin/1788431075_03132_03316 185 2 4 6
Serve_Backhand_Backspin/8251081461_01844_02044 201 2 4 6
Serve_Backhand_Backspin/8251081461_03816_04012 197 2 4 6
Serve_Backhand_Backspin/1788431075_00756_00984 229 2 4 6
Serve_Backhand_Backspin/4166107697_01308_01452 145 2 4 6
Serve_Backhand_Backspin/8251081461_04268_04504 237 2 4 6
Serve_Backhand_Backspin/93810108995_04788_04924 137 2 4 6
Serve_Backhand_Backspin/535796599_00192_00352 161 2 4 6
Serve_Backhand_Backspin/4166107697_01796_01968 173 2 4 6
Serve_Backhand_Backspin/8251081461_03292_03512 221 2 4 6
Serve_Backhand_Backspin/1788431075_01168_01360 193 2 4 6
Serve_Backhand_Backspin/8251081461_01360_01592 233 2 4 6
Serve_Backhand_Backspin/165573526_00424_00576 153 2 4 6
Serve_Backhand_Backspin/93810108995_00024_00316 293 2 4 6
Serve_Backhand_Backspin/8251081461_02828_03056 229 2 4 6
Serve_Backhand_Backspin/165573526_01940_02112 173 2 4 6
Serve_Backhand_Backspin/4166107697_02196_02352 157 2 4 6
Serve_Backhand_Backspin/4166107697_00676_00852 177 2 4 6
Serve_Backhand_Backspin/1788431075_02360_02556 197 2 4 6
Serve_Backhand_Backspin/165573526_01032_01200 169 2 4 6
Serve_Backhand_Backspin/1788431075_00364_00588 225 2 4 6
Serve_Backhand_Backspin/535796599_01524_01692 169 2 4 6
Serve_Backhand_Loop/1029989492_03208_03420 213 2 4 5
Serve_Backhand_Loop/1029989492_03712_03900 189 2 4 5
Serve_Backhand_Loop/3969214610_03972_04200 229 2 4 5
Serve_Backhand_Loop/3969214610_03004_03236 233 2 4 5
Serve_Backhand_Loop/5695129107_01648_01808 161 2 4 5
Serve_Backhand_Loop/5695129107_01960_02128 169 2 4 5
Serve_Backhand_Loop/5695129107_00736_00896 161 2 4 5
Serve_Backhand_Loop/3969214610_01592_01824 233 2 4 5
Serve_Backhand_Loop/1029989492_02160_02376 217 2 4 5
Serve_Backhand_Loop/72632810710_00656_00772 117 2 4 5
Serve_Backhand_Loop/1029989492_05216_05424 209 2 4 5
Serve_Backhand_Loop/5695129107_01040_01200 161 2 4 5
Serve_Backhand_Loop/1032689272_03736_03948 213 2 4 5
Serve_Backhand_Loop/1032689272_02836_03060 225 2 4 5
Serve_Backhand_Loop/1029989492_04712_04920 209 2 4 5
Serve_Backhand_Loop/1032689272_00544_00784 241 2 4 5
Serve_Backhand_Loop/1029989492_00608_00824 217 2 4 5
Serve_Backhand_Loop/1032689272_02388_02604 217 2 4 5
Serve_Backhand_Loop/1032689272_04196_04404 209 2 4 5
Serve_Backhand_Loop/5695129107_02572_02752 181 2 4 5
Serve_Backhand_Loop/3969214610_03468_03700 233 2 4 5
Serve_Backhand_Loop/1029989492_04212_04428 217 2 4 5
Serve_Backhand_Loop/5695129107_02276_02432 157 2 4 5
Serve_Backhand_Loop/1029989492_02676_02884 209 2 4 5
Serve_Backhand_Loop/1032689272_00104_00356 253 2 4 5
Serve_Backhand_Loop/3969214610_04444_04644 201 2 4 5
Serve_Backhand_Loop/1029989492_00088_00300 213 2 4 5
Serve_Backhand_Loop/5695129107_01336_01512 177 2 4 5
Serve_Backhand_Loop/3969214610_01108_01332 225 2 4 5
Serve_Backhand_Loop/1032689272_01020_01284 265 2 4 5
Serve_Forehand_Loop/827263759_03440_03696 257 2 3 5
Serve_Forehand_Loop/7710359131_01036_01136 101 2 3 5
Serve_Forehand_Loop/3113712310_01648_01776 129 2 3 5
Serve_Forehand_Loop/10461105112_00836_00952 117 2 3 5
Serve_Forehand_Loop/3113712310_01128_01248 121 2 3 5
Serve_Forehand_Loop/51161025610_00840_01020 181 2 3 5
Serve_Forehand_Loop/6491074739_02052_02284 233 2 3 5
Serve_Forehand_Loop/6491074739_00132_00428 297 2 3 5
Serve_Forehand_Loop/3113712310_00408_00544 137 2 3 5
Serve_Forehand_Loop/827263759_00108_00344 237 2 3 5
Serve_Forehand_Loop/51161025610_02140_02344 205 2 3 5
Serve_Forehand_Loop/3113712310_01376_01512 137 2 3 5
Serve_Forehand_Loop/6491074739_03116_03320 205 2 3 5
Serve_Forehand_Loop/10461105112_00984_01124 141 2 3 5
Serve_Forehand_Loop/10461105112_01360_01488 129 2 3 5
Serve_Forehand_Loop/6491074739_05224_05432 209 2 3 5
Serve_Forehand_Loop/3113712310_02408_02544 137 2 3 5
Serve_Forehand_Loop/51161025610_02660_02844 185 2 3 5
Serve_Forehand_Loop/10461105112_01152_01280 129 2 3 5
Serve_Forehand_Loop/7710359131_02104_02220 117 2 3 5
Serve_Forehand_Loop/7710359131_00664_00792 129 2 3 5
Serve_Forehand_Loop/827263759_04440_04680 241 2 3 5
Serve_Forehand_Loop/3113712310_00120_00272 153 2 3 5
Serve_Forehand_Loop/827263759_02976_03176 201 2 3 5
Serve_Forehand_Loop/51161025610_01472_01640 169 2 3 5
Serve_Forehand_Loop/10461105112_00132_00256 125 2 3 5
Serve_Forehand_Loop/6491074739_02560_02804 245 2 3 5
Serve_Forehand_Loop/7710359131_01956_02088 133 2 3 5
Serve_Forehand_Loop/827263759_03956_04200 245 2 3 5
Serve_Forehand_Loop/10461105112_01692_01832 141 2 3 5
Serve_Forehand_Loop/827263759_01460_01644 185 2 3 5
Serve_Forehand_Loop/51161025610_00380_00572 193 2 3 5
Serve_Forehand_Loop/7710359131_01540_01672 133 2 3 5
Serve_Forehand_Loop/51161025610_01728_01900 173 2 3 5
Serve_Forehand_Loop/3113712310_00656_00768 113 2 3 5
Serve_Forehand_Loop/10461105112_00280_00396 117 2 3 5
Serve_Forehand_Loop/6491074739_04696_04900 205 2 3 5
Serve_Forehand_Loop/7710359131_00544_00660 117 2 3 5
Serve_Forehand_Loop/6491074739_03624_03828 205 2 3 5
Serve_Forehand_Loop/7710359131_00800_00896 97 2 3 5
Serve_Forehand_Loop/10461105112_00632_00748 117 2 3 5
Serve_Forehand_Loop/3113712310_00896_01008 113 2 3 5
Serve_Forehand_Loop/6491074739_01380_01636 257 2 3 5
Serve_Forehand_Loop/3113712310_02152_02280 129 2 3 5
Serve_Forehand_Loop/6491074739_00844_01088 245 2 3 5
Serve_Forehand_Loop/6491074739_04124_04396 273 2 3 5
Serve_Forehand_Backspin/2710727544_01740_01920 181 2 3 6
Serve_Forehand_Backspin/6521978510_00600_00844 245 2 3 6
Serve_Forehand_Backspin/6521978510_01112_01352 241 2 3 6
Serve_Forehand_Backspin/1923210912_02068_02264 197 2 3 6
Serve_Forehand_Backspin/1923210912_03300_03476 177 2 3 6
Serve_Forehand_Backspin/6521978510_02920_03148 229 2 3 6
Serve_Forehand_Backspin/2710727544_02676_02844 169 2 3 6
Serve_Forehand_Backspin/1923210912_01224_01400 177 2 3 6
Serve_Forehand_Backspin/8510479912_00428_00616 189 2 3 6
Serve_Forehand_Backspin/31091102874_00228_00416 189 2 3 6
Serve_Forehand_Backspin/8510479912_01252_01420 169 2 3 6
Serve_Forehand_Backspin/6831039636_00072_00228 157 2 3 6
Serve_Forehand_Backspin/6831039636_03080_03252 173 2 3 6
Serve_Forehand_Backspin/2710727544_01168_01328 161 2 3 6
Serve_Forehand_Backspin/1923210912_03952_04132 181 2 3 6
Serve_Forehand_Backspin/8510479912_00036_00208 173 2 3 6
Serve_Forehand_Backspin/663279646_01432_01712 281 2 3 6
Serve_Forehand_Backspin/31091102874_02600_02812 213 2 3 6
Serve_Forehand_Backspin/8510479912_03220_03408 189 2 3 6
Serve_Forehand_Backspin/6831039636_02756_02928 173 2 3 6
Serve_Forehand_Backspin/2710727544_01536_01708 173 2 3 6
Serve_Forehand_Backspin/6521978510_03508_03740 233 2 3 6
Serve_Forehand_Backspin/8510479912_03596_03800 205 2 3 6
Serve_Forehand_Backspin/6521978510_04632_04896 265 2 3 6
Serve_Forehand_Backspin/8510479912_00836_01040 205 2 3 6
Serve_Forehand_Backspin/31091102874_01124_01368 245 2 3 6
Serve_Forehand_Backspin/1923210912_01624_01828 205 2 3 6
Serve_Forehand_Backspin/6831039636_00500_00720 221 2 3 6
Serve_Forehand_Backspin/8510479912_01632_01824 193 2 3 6
Serve_Forehand_Backspin/6521978510_05184_05428 245 2 3 6
Serve_Forehand_Backspin/31091102874_03564_03776 213 2 3 6
Serve_Forehand_Backspin/6521978510_01840_02080 241 2 3 6
Serve_Forehand_Backspin/6831039636_01712_01868 157 2 3 6
Serve_Forehand_Backspin/663279646_03428_03716 289 2 3 6
Serve_Forehand_Backspin/8510479912_02440_02616 177 2 3 6
Serve_Forehand_Backspin/1923210912_04456_04628 173 2 3 6
Serve_Forehand_Backspin/8510479912_02844_03032 189 2 3 6
Serve_Forehand_Backspin/8510479912_02032_02228 197 2 3 6
Serve_Forehand_Backspin/663279646_00108_00376 269 2 3 6
Serve_Forehand_Backspin/2710727544_00428_00600 173 2 3 6
Serve_Forehand_Backspin/1923210912_00500_00672 173 2 3 6
Serve_Forehand_Backspin/31091102874_04548_04740 193 2 3 6
Serve_Forehand_Backspin/2710727544_00264_00404 141 2 3 6
Serve_Forehand_Backspin/6831039636_03448_03588 141 2 3 6
Serve_Forehand_Backspin/6521978510_00132_00328 197 2 3 6
Serve_Forehand_Backspin/6831039636_02020_02192 173 2 3 6
Serve_Forehand_Backspin/31091102874_02104_02332 229 2 3 6
Serve_Forehand_Backspin/31091102874_00676_00884 209 2 3 6
Serve_Forehand_Backspin/6831039636_03744_03896 153 2 3 6
Defensive_Backhand_Block/9291055875_02056_02160 105 1 4 12
Defensive_Backhand_Block/9291055875_06152_06264 113 1 4 12
Defensive_Backhand_Block/177165335_03160_03296 137 1 4 12
Defensive_Backhand_Block/177165335_05688_05948 261 1 4 12
Defensive_Backhand_Block/837515746_11244_11400 157 1 4 12
Defensive_Backhand_Block/837515746_09516_09712 197 1 4 12
Defensive_Backhand_Block/9291055875_03336_03428 93 1 4 12
Defensive_Backhand_Block/9291055875_01572_01628 57 1 4 12
Defensive_Backhand_Block/9291055875_02724_02800 77 1 4 12
Defensive_Backhand_Block/786246856_03988_04040 53 1 4 12
Defensive_Backhand_Block/837515746_08500_08604 105 1 4 12
Defensive_Backhand_Block/837515746_09020_09152 133 1 4 12
Defensive_Backhand_Block/9291055875_06968_07064 97 1 4 12
Defensive_Backhand_Block/9291055875_05204_05328 125 1 4 12
Serve_Forehand_Sidespin/12210710968_02752_02944 193 2 3 7
Serve_Forehand_Sidespin/12210710968_01076_01228 153 2 3 7
Serve_Forehand_Sidespin/12210710968_03412_03576 165 2 3 7
Serve_Forehand_Sidespin/319496728_00660_00868 209 2 3 7
Serve_Forehand_Sidespin/12210710968_03048_03216 169 2 3 7
Serve_Forehand_Sidespin/696452533_03616_03800 185 2 3 7
Serve_Forehand_Sidespin/12210710968_01428_01600 173 2 3 7
Serve_Forehand_Sidespin/665752425_04692_04956 265 2 3 7
Serve_Forehand_Sidespin/319496728_05040_05292 253 2 3 7
Serve_Forehand_Sidespin/665752425_02964_03228 265 2 3 7
Serve_Forehand_Sidespin/8195210757_00440_00540 101 2 3 7
Serve_Forehand_Sidespin/665752425_00116_00356 241 2 3 7
Serve_Forehand_Sidespin/1012768383_01680_01720 41 2 3 7
Serve_Forehand_Sidespin/696452533_00156_00300 145 2 3 7
Serve_Forehand_Sidespin/12210710968_02088_02292 205 2 3 7
Serve_Forehand_Sidespin/8195210757_00676_00820 145 2 3 7
Serve_Forehand_Sidespin/12210710968_00116_00308 193 2 3 7
Serve_Forehand_Sidespin/696452533_01580_01792 213 2 3 7
Serve_Forehand_Sidespin/12210710968_00540_00728 189 2 3 7
Serve_Forehand_Sidespin/665752425_05288_05524 237 2 3 7
Serve_Forehand_Sidespin/8195210757_01484_01620 137 2 3 7
Serve_Forehand_Sidespin/665752425_02372_02644 273 2 3 7
Serve_Forehand_Sidespin/8195210757_01884_02040 157 2 3 7
Serve_Forehand_Sidespin/319496728_01860_02108 249 2 3 7
Serve_Forehand_Sidespin/696452533_02396_02548 153 2 3 7
Serve_Forehand_Sidespin/696452533_02000_02172 173 2 3 7
Serve_Forehand_Sidespin/8195210757_00992_01128 137 2 3 7
Serve_Forehand_Sidespin/665752425_00648_00916 269 2 3 7
Serve_Forehand_Sidespin/12210710968_02368_02548 181 2 3 7
Serve_Forehand_Sidespin/319496728_03564_03788 225 2 3 7
Serve_Forehand_Sidespin/319496728_03104_03336 233 2 3 7
Serve_Forehand_Sidespin/319496728_00112_00328 217 2 3 7
Serve_Forehand_Sidespin/696452533_02804_02964 161 2 3 7
Serve_Forehand_Sidespin/8195210757_00840_00960 121 2 3 7
Serve_Forehand_Sidespin/12210710968_01696_01892 197 2 3 7
Serve_Forehand_Sidespin/665752425_03524_03764 241 2 3 7
Serve_Forehand_Sidespin/1012768383_00864_00928 65 2 3 7
Serve_Forehand_Sidespin/696452533_00892_01044 153 2 3 7
Serve_Forehand_Sidespin/8195210757_00288_00412 125 2 3 7
Offensive_Forehand_Hit/8107124523_05708_05888 181 0 3 9
Offensive_Forehand_Hit/7410672998_01688_01820 133 0 3 9
Offensive_Forehand_Hit/10633108328_01956_02164 209 0 3 9
Offensive_Forehand_Hit/7410672998_03968_04104 137 0 3 9
Offensive_Forehand_Hit/10633108328_01124_01304 181 0 3 9
Offensive_Forehand_Hit/7410672998_07528_07684 157 0 3 9
Offensive_Forehand_Hit/10633108328_00580_00764 185 0 3 9
Offensive_Forehand_Hit/7410672998_05660_05804 145 0 3 9
Offensive_Forehand_Hit/10633108328_00040_00164 125 0 3 9
Offensive_Forehand_Hit/10633108328_00856_01040 185 0 3 9
Offensive_Forehand_Hit/7410672998_03308_03472 165 0 3 9
Offensive_Forehand_Hit/8107124523_07880_08020 141 0 3 9
Offensive_Forehand_Hit/10633108328_02240_02464 225 0 3 9
Offensive_Forehand_Hit/7410672998_06496_06688 193 0 3 9
Offensive_Forehand_Hit/7410672998_07068_07248 181 0 3 9
Offensive_Forehand_Hit/8107124523_06508_06640 133 0 3 9
Offensive_Forehand_Hit/32710227910_07920_07960 41 0 3 9
Offensive_Forehand_Hit/7410672998_02852_03040 189 0 3 9
Offensive_Forehand_Hit/8107124523_01744_01864 121 0 3 9
Offensive_Forehand_Hit/32710227910_07360_07428 69 0 3 9
Offensive_Forehand_Hit/10633108328_01700_01896 197 0 3 9
Offensive_Forehand_Hit/7410672998_01480_01668 189 0 3 9
Offensive_Forehand_Hit/8107124523_07160_07248 89 0 3 9
Offensive_Forehand_Hit/8107124523_03548_03712 165 0 3 9
Offensive_Forehand_Hit/10633108328_00284_00516 233 0 3 9
Defensive_Backhand_Backspin/3197874210_01168_01364 197 1 4 6
Defensive_Backhand_Backspin/3197874210_01900_02064 165 1 4 6
Defensive_Backhand_Backspin/4441623104_01280_01452 173 1 4 6
Defensive_Backhand_Backspin/4441623104_00744_00932 189 1 4 6
Defensive_Backhand_Backspin/3197874210_03024_03232 209 1 4 6
Defensive_Backhand_Backspin/3197874210_02636_02856 221 1 4 6
Defensive_Backhand_Backspin/3197874210_00468_00660 193 1 4 6
Defensive_Backhand_Backspin/4441623104_01932_02100 169 1 4 6
Defensive_Backhand_Backspin/3197874210_00768_00952 185 1 4 6
Defensive_Backhand_Backspin/4441623104_02796_02980 185 1 4 6
Defensive_Backhand_Backspin/4441623104_03160_03356 197 1 4 6
Defensive_Backhand_Backspin/4441623104_03780_03952 173 1 4 6
Defensive_Backhand_Backspin/4441623104_02260_02432 173 1 4 6
Defensive_Backhand_Backspin/4441623104_03432_03624 193 1 4 6
Offensive_Forehand_Loop/5610315365_00820_00988 169 0 3 5
Offensive_Forehand_Loop/5610315365_02428_02612 185 0 3 5
Offensive_Forehand_Loop/268101021042_00112_00324 213 0 3 5
Offensive_Forehand_Loop/8107124523_03420_03560 141 0 3 5
Offensive_Forehand_Loop/5610315365_01512_01720 209 0 3 5
Offensive_Forehand_Loop/8107124523_04292_04392 101 0 3 5
Offensive_Forehand_Loop/7410672998_07924_08136 213 0 3 5
Offensive_Forehand_Loop/268101021042_02712_02944 233 0 3 5
Offensive_Forehand_Loop/5610315365_02132_02312 181 0 3 5
Offensive_Forehand_Loop/7410672998_06308_06480 173 0 3 5
Offensive_Forehand_Loop/268101021042_01260_01520 261 0 3 5
Offensive_Forehand_Loop/268101021042_01016_01200 185 0 3 5
Offensive_Forehand_Loop/5610315365_00448_00604 157 0 3 5
Offensive_Forehand_Loop/8107124523_02812_02932 121 0 3 5
Offensive_Forehand_Loop/5610315365_03056_03224 169 0 3 5
Offensive_Forehand_Loop/268101021042_00600_00876 277 0 3 5
Offensive_Forehand_Loop/5610315365_00120_00300 181 0 3 5
Offensive_Forehand_Loop/268101021042_02040_02352 313 0 3 5
Offensive_Backhand_Loop/538942631_01852_02020 169 0 4 5
Offensive_Backhand_Loop/8107124523_06116_06240 125 0 4 5
Offensive_Backhand_Loop/8107124523_05016_05176 161 0 4 5
Offensive_Backhand_Loop/538942631_01108_01260 153 0 4 5
Offensive_Backhand_Loop/7410672998_02700_02836 137 0 4 5
Offensive_Backhand_Loop/538942631_01636_01792 157 0 4 5
Offensive_Backhand_Loop/538942631_00564_00712 149 0 4 5
Offensive_Backhand_Loop/538942631_02164_02344 181 0 4 5
Offensive_Backhand_Loop/538942631_00332_00476 145 0 4 5
Offensive_Backhand_Loop/7410672998_06880_07036 157 0 4 5
Offensive_Backhand_Loop/8107124523_05192_05300 109 0 4 5
Offensive_Backhand_Loop/854161794_04172_04260 89 0 4 5
Offensive_Backhand_Loop/8107124523_07524_07672 149 0 4 5
Offensive_Backhand_Loop/538942631_00080_00220 141 0 4 5
Serve_Backhand_Sidespin/277627823_01384_01568 185 2 4 7
Serve_Backhand_Sidespin/277627823_03828_04052 225 2 4 7
Serve_Backhand_Sidespin/29110191056_00068_00232 165 2 4 7
Serve_Backhand_Sidespin/7628987106_02152_02320 169 2 4 7
Serve_Backhand_Sidespin/1015635971_01068_01292 225 2 4 7
Serve_Backhand_Sidespin/29110191056_01096_01288 193 2 4 7
Serve_Backhand_Sidespin/277627823_02056_02240 185 2 4 7
Serve_Backhand_Sidespin/8656210575_00148_00372 225 2 4 7
Serve_Backhand_Sidespin/29110191056_00372_00580 209 2 4 7
Serve_Backhand_Sidespin/8656210575_03792_04044 253 2 4 7
Serve_Backhand_Sidespin/588465438_00012_00200 189 2 4 7
Serve_Backhand_Sidespin/562594951_01016_01172 157 2 4 7
Serve_Backhand_Sidespin/1015635971_03868_04068 201 2 4 7
Serve_Backhand_Sidespin/7628987106_03104_03288 185 2 4 7
Serve_Backhand_Sidespin/7628987106_00120_00312 193 2 4 7
Serve_Backhand_Sidespin/588465438_01436_01668 233 2 4 7
Serve_Backhand_Sidespin/562594951_01488_01652 165 2 4 7
Serve_Backhand_Sidespin/588465438_02388_02612 225 2 4 7
Serve_Backhand_Sidespin/277627823_02792_03000 209 2 4 7
Serve_Backhand_Sidespin/8656210575_01760_01988 229 2 4 7
Serve_Backhand_Sidespin/7628987106_00464_00640 177 2 4 7
Serve_Backhand_Sidespin/29110191056_02220_02420 201 2 4 7
Serve_Backhand_Sidespin/1015635971_04872_05088 217 2 4 7
Serve_Backhand_Sidespin/562594951_00760_00940 181 2 4 7
Serve_Backhand_Sidespin/277627823_00952_01136 185 2 4 7
Serve_Backhand_Sidespin/562594951_02828_02996 169 2 4 7
Serve_Backhand_Sidespin/588465438_03256_03524 269 2 4 7
Serve_Backhand_Sidespin/1015635971_01700_01888 189 2 4 7
Serve_Backhand_Sidespin/8656210575_02796_03060 265 2 4 7
Serve_Backhand_Sidespin/29110191056_03392_03612 221 2 4 7
Serve_Backhand_Sidespin/29110191056_01836_02024 189 2 4 7
Serve_Backhand_Sidespin/588465438_03716_03960 245 2 4 7
Serve_Backhand_Sidespin/562594951_00488_00688 201 2 4 7
Serve_Backhand_Sidespin/7628987106_01672_01840 169 2 4 7
Serve_Backhand_Sidespin/277627823_02452_02608 157 2 4 7
Serve_Backhand_Sidespin/7628987106_02808_02984 177 2 4 7
Serve_Backhand_Sidespin/29110191056_02600_02824 225 2 4 7
Serve_Backhand_Sidespin/277627823_01724_01892 169 2 4 7
Serve_Backhand_Sidespin/7628987106_02480_02632 153 2 4 7
Serve_Backhand_Sidespin/588465438_01912_02148 237 2 4 7
Serve_Backhand_Sidespin/588465438_00416_00696 281 2 4 7
Serve_Backhand_Sidespin/562594951_01732_01936 205 2 4 7
Serve_Backhand_Sidespin/29110191056_03012_03208 197 2 4 7
Serve_Backhand_Sidespin/29110191056_00764_00944 181 2 4 7
Serve_Backhand_Sidespin/562594951_02532_02700 169 2 4 7
Serve_Backhand_Sidespin/277627823_00588_00792 205 2 4 7
Serve_Backhand_Sidespin/1015635971_02724_02944 221 2 4 7
Serve_Backhand_Sidespin/1015635971_02256_02456 201 2 4 7
Serve_Backhand_Sidespin/562594951_02240_02464 225 2 4 7
Serve_Backhand_Sidespin/8656210575_02260_02540 281 2 4 7
Serve_Backhand_Sidespin/277627823_03244_03480 237 2 4 7
Serve_Backhand_Sidespin/588465438_02804_03060 257 2 4 7
Defensive_Forehand_Backspin/2617931039_03580_03716 137 1 3 6
Defensive_Forehand_Backspin/161422964_01412_01584 173 1 3 6
Defensive_Forehand_Backspin/2617931039_01792_01984 193 1 3 6
Defensive_Forehand_Backspin/2617931039_03052_03212 161 1 3 6
Defensive_Forehand_Backspin/161422964_01952_02100 149 1 3 6
Defensive_Forehand_Backspin/2617931039_00400_00608 209 1 3 6
Defensive_Forehand_Backspin/2617931039_01540_01696 157 1 3 6
Defensive_Forehand_Backspin/2617931039_02204_02400 197 1 3 6
Defensive_Forehand_Backspin/826466929_00184_00332 149 1 3 6
Defensive_Forehand_Backspin/161422964_01656_01848 193 1 3 6
Defensive_Forehand_Backspin/826466929_01664_01872 209 1 3 6
Defensive_Forehand_Backspin/2617931039_00184_00328 145 1 3 6
Defensive_Forehand_Backspin/161422964_02812_03004 193 1 3 6
Defensive_Forehand_Backspin/161422964_00392_00552 161 1 3 6
Defensive_Forehand_Backspin/826466929_00440_00640 201 1 3 6
Defensive_Forehand_Backspin/161422964_01144_01308 165 1 3 6
Defensive_Forehand_Backspin/161422964_00156_00284 129 1 3 6
Defensive_Forehand_Backspin/161422964_02316_02492 177 1 3 6
Defensive_Forehand_Backspin/826466929_00772_00964 193 1 3 6
Defensive_Forehand_Backspin/161422964_03116_03284 169 1 3 6
Defensive_Forehand_Backspin/1012768383_02300_02368 69 1 3 6
Defensive_Forehand_Backspin/2617931039_03892_04080 189 1 3 6
Defensive_Forehand_Push/972685286_00740_00880 141 1 3 10
Defensive_Forehand_Push/6594342107_02992_03156 165 1 3 10
Defensive_Forehand_Push/6594342107_01748_01876 129 1 3 10
Defensive_Forehand_Push/972685286_02200_02344 145 1 3 10
Defensive_Forehand_Push/6594342107_06264_06424 161 1 3 10
Defensive_Forehand_Push/6594342107_03320_03428 109 1 3 10
Defensive_Forehand_Push/6594342107_03896_04004 109 1 3 10
Defensive_Forehand_Push/6594342107_05000_05128 129 1 3 10
Defensive_Forehand_Push/972685286_07172_07316 145 1 3 10
Defensive_Forehand_Push/972685286_08876_09036 161 1 3 10
Defensive_Forehand_Push/972685286_00264_00368 105 1 3 10
Defensive_Forehand_Push/972685286_10088_10260 173 1 3 10
Defensive_Forehand_Push/6594342107_02676_02796 121 1 3 10
Defensive_Forehand_Push/6594342107_05900_06040 141 1 3 10
Defensive_Forehand_Push/1012768383_02080_02140 61 1 3 10
Defensive_Forehand_Push/6594342107_06428_06576 149 1 3 10
Defensive_Forehand_Push/972685286_06636_06756 121 1 3 10
Defensive_Forehand_Push/972685286_04812_04984 173 1 3 10
Defensive_Forehand_Push/972685286_05904_06040 137 1 3 10
Defensive_Forehand_Push/6594342107_06900_07056 157 1 3 10
Defensive_Forehand_Push/1012768383_01844_01928 85 1 3 10
Defensive_Forehand_Push/6594342107_06756_06884 129 1 3 10
Serve_Forehand_Topspin/574973434_03440_03724 285 2 3 8
Serve_Forehand_Topspin/752543792_01072_01304 233 2 3 8
Serve_Forehand_Topspin/9810453189_00392_00600 209 2 3 8
Serve_Forehand_Topspin/6758533210_04464_04760 297 2 3 8
Serve_Forehand_Topspin/786246856_02464_02520 57 2 3 8
Serve_Forehand_Topspin/312338677_02588_02832 245 2 3 8
Serve_Forehand_Topspin/574973434_02872_03132 261 2 3 8
Serve_Forehand_Topspin/6758533210_02080_02296 217 2 3 8
Serve_Forehand_Topspin/1128110894_01788_01908 121 2 3 8
Serve_Forehand_Topspin/786246856_04460_04540 81 2 3 8
Serve_Forehand_Topspin/312338677_02132_02368 237 2 3 8
Serve_Forehand_Topspin/752543792_00184_00408 225 2 3 8
Serve_Forehand_Topspin/312338677_03480_03728 249 2 3 8
Serve_Forehand_Topspin/574973434_00984_01240 257 2 3 8
Serve_Forehand_Topspin/752543792_04252_04528 277 2 3 8
Serve_Forehand_Topspin/1128110894_00804_00912 109 2 3 8
Serve_Forehand_Topspin/752543792_02492_02748 257 2 3 8
Serve_Forehand_Topspin/6758533210_02584_02784 201 2 3 8
Serve_Forehand_Topspin/752543792_02020_02260 241 2 3 8
Serve_Forehand_Topspin/62410531021_00404_00692 289 2 3 8
Serve_Forehand_Topspin/1128110894_01432_01532 101 2 3 8
Serve_Forehand_Topspin/312338677_01216_01460 245 2 3 8
Serve_Forehand_Topspin/786246856_01000_01060 61 2 3 8
Serve_Forehand_Topspin/574973434_01580_01860 281 2 3 8
Serve_Forehand_Topspin/62410531021_03836_04072 237 2 3 8
Serve_Forehand_Topspin/312338677_04424_04600 177 2 3 8
Serve_Forehand_Topspin/62410531021_04316_04544 229 2 3 8
Serve_Forehand_Topspin/752543792_02968_03228 261 2 3 8
Serve_Forehand_Topspin/1128110894_00636_00732 97 2 3 8
Serve_Forehand_Topspin/62410531021_04808_05036 229 2 3 8
Serve_Forehand_Topspin/6758533210_01564_01788 225 2 3 8
Serve_Forehand_Topspin/1128110894_00432_00540 109 2 3 8
Serve_Forehand_Topspin/6758533210_04020_04248 229 2 3 8
Serve_Forehand_Topspin/6758533210_01092_01304 213 2 3 8
Serve_Forehand_Topspin/752543792_03412_03664 253 2 3 8
Serve_Forehand_Topspin/574973434_00468_00700 233 2 3 8
Serve_Forehand_Topspin/1128110894_01584_01712 129 2 3 8
Serve_Forehand_Topspin/1128110894_01048_01172 125 2 3 8
Serve_Forehand_Topspin/6758533210_00176_00380 205 2 3 8
Serve_Forehand_Topspin/752543792_00608_00852 245 2 3 8
Serve_Forehand_Topspin/6758533210_00616_00816 201 2 3 8
Serve_Forehand_Topspin/9810453189_03428_03636 209 2 3 8
Serve_Forehand_Topspin/62410531021_01896_02132 237 2 3 8
Serve_Forehand_Topspin/1128110894_01200_01332 133 2 3 8
Serve_Forehand_Topspin/1128110894_00248_00308 61 2 3 8
Serve_Forehand_Topspin/752543792_01564_01816 253 2 3 8
Serve_Forehand_Topspin/6758533210_03548_03752 205 2 3 8
Serve_Forehand_Topspin/6758533210_03068_03296 229 2 3 8
Serve_Forehand_Topspin/312338677_03072_03288 217 2 3 8
Serve_Forehand_Topspin/312338677_03952_04148 197 2 3 8
Serve_Forehand_Topspin/312338677_00788_00992 205 2 3 8
Serve_Forehand_Topspin/312338677_00340_00536 197 2 3 8
Serve_Forehand_Topspin/62410531021_01380_01620 241 2 3 8
Serve_Forehand_Topspin/9810453189_01532_01728 197 2 3 8
Offensive_Backhand_Hit/491085101092_02100_02256 157 0 4 9
Offensive_Backhand_Hit/76310421810_02112_02272 161 0 4 9
Offensive_Backhand_Hit/32710227910_01816_01900 85 0 4 9
Offensive_Backhand_Hit/491085101092_01804_01940 137 0 4 9
Offensive_Backhand_Hit/7410672998_07728_07876 149 0 4 9
Offensive_Backhand_Hit/491085101092_01236_01368 133 0 4 9
Offensive_Backhand_Hit/7410672998_01112_01236 125 0 4 9
Offensive_Backhand_Hit/32710227910_01648_01720 73 0 4 9
Offensive_Backhand_Hit/32710227910_04268_04320 53 0 4 9
Offensive_Backhand_Hit/7410672998_02144_02256 113 0 4 9
Offensive_Backhand_Hit/76310421810_00924_01044 121 0 4 9
Offensive_Backhand_Hit/491085101092_00732_00856 125 0 4 9
Offensive_Backhand_Hit/76310421810_02340_02504 165 0 4 9
Offensive_Backhand_Hit/491085101092_00436_00600 165 0 4 9
Offensive_Backhand_Hit/491085101092_00224_00344 121 0 4 9
Offensive_Backhand_Hit/32710227910_06580_06620 41 0 4 9
Offensive_Backhand_Hit/7410672998_02560_02668 109 0 4 9
Offensive_Backhand_Hit/491085101092_02328_02464 137 0 4 9
Offensive_Backhand_Hit/32710227910_03284_03340 57 0 4 9
Offensive_Backhand_Hit/76310421810_00672_00816 145 0 4 9
Offensive_Backhand_Hit/32710227910_03492_03544 53 0 4 9
Offensive_Backhand_Hit/491085101092_01544_01688 145 0 4 9
Offensive_Backhand_Hit/32710227910_00296_00360 65 0 4 9
Offensive_Backhand_Hit/76310421810_00468_00616 149 0 4 9
Offensive_Backhand_Hit/76310421810_01624_01788 165 0 4 9
Offensive_Backhand_Hit/76310421810_01112_01284 173 0 4 9
Offensive_Backhand_Hit/32710227910_06448_06488 41 0 4 9
Offensive_Backhand_Hit/76310421810_01388_01512 125 0 4 9
Offensive_Backhand_Hit/7410672998_04612_04736 125 0 4 9
Defensive_Backhand_Push/32710227910_06156_06208 53 1 4 10
Defensive_Backhand_Push/1012768383_02500_02552 53 1 4 10
Defensive_Backhand_Push/1267102538_07196_07372 177 1 4 10
Defensive_Backhand_Push/786246856_01148_01196 49 1 4 10
Defensive_Backhand_Push/1267102538_08392_08620 229 1 4 10
Defensive_Backhand_Push/32710227910_02528_02592 65 1 4 10
Defensive_Forehand_Block/786246856_03700_03748 49 1 3 12
Defensive_Forehand_Block/972685286_04980_05084 105 1 3 12
Defensive_Forehand_Block/786246856_03840_03908 69 1 3 12
Defensive_Forehand_Block/972685286_10264_10400 137 1 3 12
Defensive_Forehand_Block/972685286_07324_07460 137 1 3 12
Defensive_Forehand_Block/972685286_10904_11008 105 1 3 12
Defensive_Forehand_Block/786246856_04620_04672 53 1 3 12
Defensive_Forehand_Block/972685286_02812_02916 105 1 3 12
Serve_Backhand_Topspin/975486997_00576_00660 85 2 4 8
Serve_Backhand_Topspin/715368773_02388_02620 233 2 4 8
Serve_Backhand_Topspin/9241488109_01936_02156 221 2 4 8
Serve_Backhand_Topspin/863881946_01768_01896 129 2 4 8
Serve_Backhand_Topspin/7510244112_03668_03884 217 2 4 8
Serve_Backhand_Topspin/995512473_03684_03896 213 2 4 8
Serve_Backhand_Topspin/715368773_03224_03428 205 2 4 8
Serve_Backhand_Topspin/9241488109_04300_04512 213 2 4 8
Serve_Backhand_Topspin/9841059524_02848_03036 189 2 4 8
Serve_Backhand_Topspin/995512473_00032_00200 169 2 4 8
Serve_Backhand_Topspin/863881946_03160_03320 161 2 4 8
Serve_Backhand_Topspin/863881946_03432_03584 153 2 4 8
Serve_Backhand_Topspin/9841059524_02344_02548 205 2 4 8
Serve_Backhand_Topspin/9841059524_04988_05212 225 2 4 8
Serve_Backhand_Topspin/975486997_01256_01360 105 2 4 8
Serve_Backhand_Topspin/9841059524_01136_01376 241 2 4 8
Serve_Backhand_Topspin/715368773_02804_03020 217 2 4 8
Serve_Backhand_Topspin/9241488109_04756_04960 205 2 4 8
Serve_Backhand_Topspin/995512473_02476_02668 193 2 4 8
Serve_Backhand_Topspin/7510244112_02932_03128 197 2 4 8
Serve_Backhand_Topspin/995512473_03312_03488 177 2 4 8
Serve_Backhand_Topspin/9241488109_02928_03152 225 2 4 8
Serve_Backhand_Topspin/9841059524_03384_03564 181 2 4 8
Serve_Backhand_Topspin/9241488109_00240_00412 173 2 4 8
Serve_Backhand_Topspin/863881946_02856_03040 185 2 4 8
Serve_Backhand_Topspin/9241488109_01368_01620 253 2 4 8
Serve_Backhand_Topspin/863881946_02576_02736 161 2 4 8
Serve_Backhand_Topspin/715368773_01996_02220 225 2 4 8
Serve_Backhand_Topspin/9841059524_01696_01924 229 2 4 8
Serve_Backhand_Topspin/9841059524_04440_04668 229 2 4 8
Serve_Backhand_Topspin/975486997_00944_01028 85 2 4 8
Serve_Backhand_Topspin/7510244112_02552_02752 201 2 4 8
Serve_Backhand_Topspin/9841059524_03908_04096 189 2 4 8
Serve_Backhand_Topspin/7510244112_01284_01452 169 2 4 8
Serve_Backhand_Topspin/975486997_01388_01476 89 2 4 8
Serve_Backhand_Topspin/995512473_01696_01876 181 2 4 8
Serve_Backhand_Topspin/715368773_00376_00480 105 2 4 8
Serve_Backhand_Topspin/975486997_00004_00080 77 2 4 8
Serve_Backhand_Topspin/7510244112_00488_00660 173 2 4 8
Serve_Backhand_Topspin/975486997_00444_00560 117 2 4 8
Serve_Backhand_Topspin/9241488109_03376_03588 213 2 4 8
Serve_Backhand_Topspin/863881946_03736_03912 177 2 4 8
Serve_Backhand_Topspin/9241488109_00632_00904 273 2 4 8
Serve_Backhand_Topspin/7510244112_00912_01152 241 2 4 8
Serve_Backhand_Topspin/9241488109_02428_02652 225 2 4 8
Serve_Backhand_Topspin/7510244112_01728_01924 197 2 4 8
Serve_Backhand_Topspin/715368773_03636_03816 181 2 4 8
Serve_Backhand_Topspin/715368773_04212_04376 165 2 4 8
Serve_Backhand_Topspin/975486997_00216_00312 97 2 4 8
Serve_Backhand_Topspin/995512473_00968_01160 193 2 4 8
Serve_Backhand_Topspin/995512473_01332_01544 213 2 4 8
Serve_Backhand_Topspin/863881946_02296_02456 161 2 4 8
Serve_Backhand_Topspin/715368773_00876_01044 169 2 4 8
Serve_Backhand_Topspin/995512473_00336_00544 209 2 4 8
